28.4654   
27.5682   
27.5682   
26.8521   
26.5467   
26.5467   
26.5231   
26.3196   
26.0252   
25.1421   
25.1421   
24.5216   
24.5216   
24.4751   
24.1393   
23.9357   
23.9357   
23.9357   
23.8728   
23.5282   
23.5282   
23.5228   
23.1167   
23.1167   
22.9126   
22.9126   
22.9126   
22.8144   
22.4420   
22.4420   
22.1288   
21.8793   
21.8793   
21.8793   
21.8602   
21.8602   
21.6651   
21.6651   
21.6430 
21.4814   
21.4475   
21.3995   
21.1966   
21.1966   
21.1165   
20.8619   
20.8619   
20.8619   
20.6789   
20.6789   
20.6789   
20.4798   
20.4798   
20.2090   
20.1035   
20.0901   
20.0901   
20.0901   
19.9684   
19.9313   
19.9237   
19.9193   
19.8400   
19.6960   
19.6960   
19.6216   
19.4831   
19.4831   
19.4536   
19.3330   
19.3317   
19.2608   
19.2608   
19.0176   
18.8085   
18.5002   
18.5002   
18.5002   
18.5002   
18.4303   
18.4303   
18.1834   
18.0719   
18.0297   
18.0297   
18.0297 
17.9719   
17.9719   
17.9434   
17.8946   
17.8100   
17.7910   
17.7292   
17.6028   
17.6028   
17.6028   
17.6028   
17.5000   
17.4768   
17.4536