20.2074   
20.2074   
20.0126   
19.0454   
19.0454   
18.3889   
18.3889   
18.3889   
18.3889   
17.9986   
17.6256   
17.5262   
17.5262
17.2903   
15.8971   
15.8971   
15.8971   
15.8971   
15.8520   
15.7037   
15.7037   
15.6082   
15.5052   
15.5052   
15.3820   
15.3820
15.3820   
15.2005   
15.1828   
15.0392   
15.0392   
15.0196   
14.4864   
14.4864   
14.4864   
14.4864   
14.4864   
14.4864   
14.4864
14.0886   
14.0886   
14.0886   
14.0886   
14.0886   
14.0886   
14.0718   
13.6893   
13.6893   
13.6893   
13.4963   
13.4963   
13.4963
13.4963   
13.4716   
13.3428   
13.3428   
13.2669   
13.2669   
13.2669   
13.2669   
13.2669   
13.1341   
13.1341   
13.1341   
13.0885
13.0885   
13.0885   
13.0885   
12.9212   
12.8999   
12.8999   
12.6232   
12.6232   
12.6232   
11.5421   
11.5421   
11.5421   
11.5421
11.5421   
11.5421   
11.5421   
11.5421   
11.5421   
11.4845   
11.4845   
11.3251   
11.3251   
11.3251   
11.3251   
11.3251   
11.3251
11.1528   
11.1528   
11.1528   
11.1528   
11.1528   
11.1528   
11.1528   
11.1528   
10.9929