9.2828    
9.0172    
8.8862    
8.7732    
7.9168    
7.9168    
7.9168    
7.1571    
7.1571    
7.1571    
7.1571    
7.0087    
6.8015
6.8015    
6.8015    
6.8015    
6.7698    
6.7600    
6.7600    
6.7600    
6.7600    
6.5573    
6.5573    
6.5573    
6.5573    
6.5573
6.5573    
6.2220    
6.2220    
6.2220    
6.2220    
6.2220    
6.2220    
6.2220    
6.2220    
6.1620    
5.9010    
5.9010    
5.9010
5.9010    
5.9010    
5.9010    
5.9010    
5.9010    
5.9010    
5.9010    
5.9010    
5.9010    
5.9010    
5.9010    
5.9010    
5.9010
5.9010    
5.6804    
5.6804    
5.6804    
5.5324    
5.5324    
5.5324    
5.5324    
5.5324    
5.5324    
5.5324    
5.5324    
5.5324
5.5324    
5.5324    
5.5324    
5.5324    
5.5324    
5.5324    
5.5324    
5.5324    
5.5324    
5.5324    
5.5324    
5.5324    
5.4609
5.4609  
5.4609    
5.4609    
5.4609    
5.4609    
5.4609    
5.4002    
5.4002    
5.4002    
5.3739    
5.3739    
5.3739    
5.3739
5.3739    
5.3251    
5.2583    
5.2583    
5.2583    
5.2583    
5.2583    
5.2583    
5.2583
